3.013426896310926993e-04
5.989558324871399608e-04
2.015765645894927478e-04
3.367622885122044689e-04
3.348845098063802446e-04
2.929723563091856200e-04
6.074791725024714702e-04
4.342550799460625013e-04
2.703663226785853690e-04
7.259844513088406070e-04
2.916580478400558423e-04
6.606120746332716596e-04
9.046681428958452953e-04
7.363987001306302946e-03
3.819688123685608967e-03
7.032619497720161462e-03
2.410804218945257656e-03
3.707636555087190453e-03
3.203357980032454054e-03
1.876409712962886101e-03
1.253096686718851256e-03
3.129883724271726331e-03
1.854063329305750182e-03
1.511681366130406337e-03
1.967866213731158179e-03
2.402095989694832089e-03
8.928036192360625563e-04
1.670568335121088528e-03
1.786745477394219815e-03
1.627323170358686106e-03
2.204015358974242399e-03
1.048523985417455740e-03
1.012242988118117063e-03
2.106168226818938040e-03
9.049195181817106621e-04
1.253842678948257879e-03
1.785280210712460267e-03
2.412334546551857944e-03
2.651031811684252237e-03
5.446632727731406248e-03
3.885033419561044737e-03
4.152604322137353095e-03
2.870354071915916672e-03
2.250122187797120102e-03
1.275089686924638348e-03
2.871445703266919773e-03
2.006514324457061953e-03
9.175814177518914518e-04
1.243009942349773949e-03
1.047041328794878984e-03
