3.632787716924807536e-02
3.973027217898725955e-02
4.318830615010454260e-02
4.272547421268318296e-02
4.460421954910126496e-02
4.037118121759063205e-02
4.631046757313803108e-02
4.054643384683474100e-02
5.105631843674426906e-02
5.347214824629745872e-02
6.324564211868320684e-02
7.698601958370603071e-02
1.987244805017282234e-01
1.302024568382030401e+00
3.468661812268930000e-01
5.723347236695692786e-01
1.665626236486257294e-01
4.524620350260326052e-01
5.625725750216447052e-01
1.304459786150757861e-01
1.450265574767764798e-01
4.349617409372517618e-01
1.257658303447979076e-01
1.490932426992840343e-01
3.674334316423695790e-01
1.163152491222935320e-01
9.916895256935243097e-02
1.306403766183350523e-01
8.583612859617302526e-02
1.110115401062637674e-01
9.965615590125882772e-02
9.700929986123695004e-02
8.616008751398623877e-02
9.728380993540762522e-02
9.372478194577821276e-02
9.713497708809352982e-02
1.626866966465471409e-01
9.879651884042207899e-02
3.399751608460480634e-01
2.079600881186089989e-01
2.906554928735816667e-01
4.182749519363641033e-01
1.616278189532406317e-01
9.324609886438761652e-02
8.322243970816481373e-02
1.524694542774666650e-01
1.093758805257754596e-01
7.926821247595322584e-02
8.116570265706628262e-02
8.266262898368723078e-02
