-1.931519910493472911e-04
4.523397638804129919e-05
4.148936040230163914e-04
-8.541387760924802662e-05
-1.074455507008888200e-04
2.631376017643221135e-04
1.047661937946929621e-03
3.335270346893984446e-03
1.135871226967389083e-02
1.906457871849433910e-02
2.373544235727352222e-02
2.894247108488925274e-02
3.164197153975777804e-02
3.534883444205434017e-02
3.846519703744372826e-02
4.067191542347394634e-02
4.428036982853851555e-02
4.648652573841589863e-02
4.579881535329457382e-02
4.865556047735518364e-02
