2.404975272619059277e-04
-9.513942793991599144e-05
-9.094917153490877015e-04
-4.523294651917645704e-04
-8.805948569753811533e-05
2.597797380830549276e-04
8.711577950532211560e-05
-4.565857663139581105e-04
1.936858677978459033e-03
4.184881612262938803e-03
6.562776939828250146e-03
8.921721795843601602e-03
1.134082809298976244e-02
1.345335285157113828e-02
1.614897463279772391e-02
1.709318996931434229e-02
1.942873088864520426e-02
1.985082132484902034e-02
2.059933475502251018e-02
2.203600282635082702e-02
