1.211612014086319716e-03
4.928582090652392639e-03
1.011852705647742039e-02
1.501699706812430896e-02
1.956876943950359299e-02
2.525696123787323985e-02
3.137881002956344895e-02
4.068463275980439831e-02
5.332804005963008576e-02
5.809450962775463551e-02
6.478406351869857305e-02
6.837109046234986220e-02
6.886308610759993287e-02
7.191835115732048145e-02
7.465270591096162534e-02
7.598000617767966536e-02
7.701489530261836081e-02
8.075969686851029727e-02
7.949412760368576580e-02
8.078852703896206855e-02
