4.413419506679604892e-02
3.686615842318777259e-02
4.093516255960805844e-02
4.280003999609582194e-02
4.840247468117451352e-02
4.928245710914305744e-02
4.670803708291301759e-02
4.774738624837018136e-02
5.019247525292068468e-02
5.729534096498656998e-02
5.359656680161686143e-02
5.116272033394718421e-02
5.120475214876005904e-02
5.581854273367430758e-02
5.382702597141040407e-02
5.487980802336991926e-02
5.705139271166925069e-02
6.055572854707963470e-02
5.955492444534445096e-02
5.564582118884067036e-02
