-3.17489
1.70864
-1.63675
0.181403
0.291292
-0.0452534
0.016371
-0.000110567
0.000667888
0.000883341
0.00122063
0.00124866
0.00109465
0.000851405
0.000610402
0.000414561
0.000269404
0.000167179
9.84577e-05
5.48487e-05
2.90584e-05
1.49286e-05
7.70939e-06
4.18337e-06
2.46206e-06
1.5754e-06
1.07181e-06
7.50879e-07
5.24826e-07
3.55905e-07
2.28148e-07
1.33883e-07
6.76476e-08
2.41116e-08
-2.09287e-09
-1.59398e-08
-2.16126e-08
-2.23322e-08
-2.03872e-08
-1.72813e-08
-1.39216e-08
-1.07973e-08
-8.127e-09
-5.96811e-09
-4.29154e-09
-3.02942e-09
-2.10294e-09
-1.43713e-09
-9.6745e-10
-6.41651e-10
-4.19192e-10
-2.69611e-10
-1.70578e-10
-1.06065e-10
-6.47647e-11
-3.88306e-11
-2.28944e-11
-1.33424e-11
-7.78018e-12
-4.6464e-12
-2.94576e-12
-2.05615e-12
-1.60031e-12
-1.36158e-12
-1.21763e-12
-1.10576e-12
-9.99406e-13
-8.90291e-13
-7.75743e-13
-6.62721e-13
-5.55036e-13
-4.53918e-13
-3.64864e-13
-2.87987e-13
-2.23216e-13
-1.70227e-13
-1.27057e-13
-9.38941e-14
-6.76681e-14
-4.79826e-14
-3.39149e-14
-2.40501e-14
-1.61849e-14
-1.05493e-14
-7.33212e-15
-4.50862e-15
-3.27326e-15
-2.02372e-15
-1.62323e-15
-8.40965e-16
-4.87055e-16
-1.65982e-16
1.91357e-16
-1.4227e-17
-5.6117e-17
1.96296e-16
-3.4231e-16
-2.74246e-16
-9.45461e-16
-1.45199e-16
-2.5151e-16
-3.64822e-17
2.13296e-16
-6.23422e-16
1.69753e-16
6.08631e-17
3.78503e-16
7.98054e-16
9.39358e-17
5.09497e-17
-3.16086e-16
8.68655e-17
1.39223e-16
-6.44425e-16
-5.32389e-16
2.28508e-16
-7.80796e-16
-1.6967e-16
2.82321e-16
2.02789e-16
