0.345665
0.344277
0.338643
0.329497
0.317689
0.304061
0.289367
0.274228
0.259121
0.244387
0.230255
0.216866
0.20429
0.192553
0.181648
0.171546
0.162205
0.153576
0.145609
0.138251
0.131452
0.125166
0.119347
0.113955
0.108951
0.104301
0.0999731
0.0959362
0.0921628
0.0886273
0.0853057
0.0821762
0.079219
0.0764162
0.0737522
0.0712132
0.0687878
0.0664664
0.0642412
0.0621063
0.0600573
0.0580907
0.056204
0.0543949
0.0526612
0.0510004
0.0494099
0.0478868
0.0464278
0.0450297
0.043689
0.0424025
0.041167
0.0399794
0.0388368
0.0377366
0.0366761
0.0356531
0.0346655
0.0337115
0.03279
0.0319
0.0310408
0.0302121
0.0294138
0.0286458
0.0279079
0.0272002
0.0265225
0.0258746
0.0252558
0.0246652
0.0241016
0.0235632
0.0230478
0.0225531
0.0220762
0.0216144
0.0211652
0.0207263
0.0202958
0.0198728
0.0194568
0.0190479
0.0186469
0.0182553
0.0178747
0.0175069
0.0171541
0.016818
0.0165004
0.0162025
0.0159252
0.0156685
0.0154321
0.015215
0.0150159
0.0148331
0.0146646
0.0145083
0.0143622
0.014224
0.0140916
0.013963
0.0138362
0.0137095
0.0135816
0.0134515
0.0133191
0.0131844
0.0130482
0.0129117
0.012776
0.0126426
0.0125131
0.0123889
0.0122715
0.0121621
0.0120619
0.0119717
0.0118921
0.0118234
0.0117658
0.0117189
0.0116826
0.0116564
0.0116399
0.0116325
0.0116339
0.0116433
0.0116602
0.0116839
0.0117137
0.0117493
0.0117903
0.0118361
0.0118864
0.0119402
0.0119962
0.0120521
0.0121051
0.012152
0.012189
0.0122128
0.0122204
0.0122096
0.0121793
0.0121291
0.01206
0.0119735
0.011872
0.0117581
0.0116349
0.0115056
0.011373
0.0112399
0.0111084
0.01098
0.0108559
0.0107363
0.0106213
0.0105106
0.0104039
0.0103012
0.0102027
0.0101089
0.0100208
0.00993961
0.00986663
0.00980307
0.00974984
0.00970744
0.00967585
0.00965456
0.00964265
0.00963886
0.0096417
0.00964956
0.00966085
0.009674
0.00968761
0.00970051
0.00971179
0.00972088
0.00972749
0.00973162
0.00973345
0.00973318
0.009731
0.00972686
0.00972049
0.00971121
0.00969798
0.00967934
0.00965353
0.00961858
0.00957257
0.00951384
0.00944119
0.00935405
0.00925257
0.0091376
0.00901066
0.00887388
0.00872981
0.00858131
0.00843128
0.00828246
0.00813727
0.00799758
0.00786464
0.00773906
0.00762086
0.00750959
0.00740448
0.00730453
0.00720868
0.00711583
0.00702488
0.00693474
0.00684442
0.00675296
0.00665954
0.0065635
0.00646433
0.00636177
0.00625571
0.00614627
0.00603378
0.00591877
0.00580206
0.00568475
0.00556827
0.00545434
0.00534492
0.00524206
0.00514783
0.0050642
0.00499295
0.00493562
0.00489346
0.0048674
0.00485799
0.00486537
0.00488927
0.00492899
0.00498341
0.00505103
0.00512997
0.00521794
0.00531228
0.00540994
0.00550755
0.00560163
0.00568871
0.0057657
0.00583004
0.00588
0.00591474
0.00593437
0.0059399
0.005933
0.00591584
0.00589081
0.00586039
0.00582694
0.00579267
0.00575955
0.00572923
0.00570301
0.00568181
0.00566616
0.00565625
0.00565194
0.00565288
0.00565854
0.00566827
0.00568132
0.00569693
0.00571434
0.00573281
0.00575163
0.00577013
0.00578762
0.00580344
0.00581705
0.00582811
0.00583656
0.00584267
0.00584697
0.0058501
0.00585261
0.00585471
0.00585617
0.00585618
0.00585339
0.00584607
0.00583222
0.00580987
0.00577727
0.00573308
0.00567644
0.00560701
0.00552482
0.00543016
0.00532342
0.00520495
0.005075
0.00493378
0.00478148
0.00461849
0.00444549
0.00426361
0.0040745
0.00388035
0.00368382
0.00348787
0.00329555
0.00310975
0.00293293
0.00276684
0.00261236
0.00246944
0.00233717
0.00221402
0.00209817
0.00198789
0.00188189
0.00177957
0.00168105
0.00158716
0.0014992
0.00141869
0.00134708
0.00128556
0.00123486
0.00119521
0.00116632
0.00114751
0.00113782
0.00113618
0.00114152
0.00115291
0.00116958
0.00119091
0.00121636
0.00124547
0.00127779
0.00131298
0.00135087
0.0013915
0.00143522
0.00148255
0.0015341
0.00159032
0.00165132
0.00171671
0.00178555
0.00185633
0.00192708
0.00199558
0.00205951
0.0021167
0.00216529
0.00220385
0.00223139
0.00224743
0.00225184
0.00224486
0.00222699
0.00219893
0.00216163
0.00211621
0.00206401
0.00200655
0.00194547
0.00188244
0.00181911
0.00175695
0.00169723
0.00164094
0.00158867
0.00154057
0.00149627
0.00145488
0.0014151
0.00137534
0.00133401
0.00128973
0.00124157
0.00118917
0.00113285
0.0010735
0.00101247
0.000951378
0.000891852
0.000835331
0.00078287
0.000735027
0.000691804
