0.162144
0.273589
0.482708
0.732691
0.882016
0.940691
0.965028
0.976588
0.983234
0.987461
0.990229
0.992133
0.993496
0.994498
0.995257
0.995854
0.996345
0.996765
0.997137
0.997475
0.997784
0.998066
0.998321
0.998545
0.998737
0.998898
0.999028
0.999131
0.999212
0.999274
0.999321
0.999356
0.999383
0.999402
0.999417
0.999428
0.999436
0.999442
0.999447
0.99945
0.999453
0.999455
0.999457
0.999459
0.99946
0.999461
0.999462
0.999462
0.999463
0.999463
0.999463
0.999464
0.999464
0.999464
0.999464
0.999464
0.999464
0.999465
0.999465
0.999465
0.999465
0.999465
0.999465
0.999465
0.999465
0.999465
0.999465
0.999465
0.999465
0.999465
0.999465
0.999465
0.999465
0.999465
0.999465
0.999465
0.999465
0.999465
0.999465
0.999465
0.999465
0.999465
0.999465
0.999465
0.999465
0.999465
0.999465
0.999465
0.999465
0.999465
0.999465
0.999465
0.999465
0.999465
0.999465
0.999465
0.999465
0.999465
0.999465
0.999465
0.999465
0.999465
0.999465
0.999465
0.999465
0.999465
0.999465
0.999465
0.999465
0.999465
0.999465
0.999465
0.999465
0.999465
0.999465
0.999465
0.999465
0.999465
0.999465
0.999465
